# layer_3 = {"H":7,"M":7,"C":64,"R":3, "stride":1, "padding":1,"K":64,"P":56,"Q":56}
* layer1 layer2 layer3 layer4 layer5 layer6 end
layer1 512 1 768 1 1 1 2304 512 1 layer1 1-1
layer2 512 1 768 1 1 1 512 512 1 layer2 1-1
layer3 512 1 512 1 1 1 768 512 1 layer3 1-1
layer4 512 1 768 1 1 1 768 512 1 layer4 1-1
layer5 512 1 768 1 1 1 3072 512 1 layer5 1-1
layer6 512 1 3072 1 1 1 768 512 1 layer6 1-1
layer7 512 1 768 1 1 1 2304 512 1 layer1 1-1
layer8 512 1 768 1 1 1 512 512 1 layer2 1-1
layer9 512 1 512 1 1 1 768 512 1 layer3 1-1
layer10 512 1 768 1 1 1 768 512 1 layer4 1-1
layer11 512 1 768 1 1 1 3072 512 1 layer5 1-1
layer12 512 1 3072 1 1 1 768 512 1 layer6 1-1
layer13 512 1 768 1 1 1 2304 512 1 layer1 1-1
layer14 512 1 768 1 1 1 512 512 1 layer2 1-1
layer15 512 1 512 1 1 1 768 512 1 layer3 1-1
layer16 512 1 768 1 1 1 768 512 1 layer4 1-1
layer17 512 1 768 1 1 1 3072 512 1 layer5 1-1
layer18 512 1 3072 1 1 1 768 512 1 layer6 1-1
layer19 512 1 768 1 1 1 2304 512 1 layer1 1-1
layer20 512 1 768 1 1 1 512 512 1 layer2 1-1
layer21 512 1 512 1 1 1 768 512 1 layer3 1-1
layer22 512 1 768 1 1 1 768 512 1 layer4 1-1
layer23 512 1 768 1 1 1 3072 512 1 layer5 1-1
layer24 512 1 3072 1 1 1 768 512 1 layer6 1-1
layer25 512 1 768 1 1 1 2304 512 1 layer1 1-1
layer26 512 1 768 1 1 1 512 512 1 layer2 1-1
layer27 512 1 512 1 1 1 768 512 1 layer3 1-1
layer28 512 1 768 1 1 1 768 512 1 layer4 1-1
layer29 512 1 768 1 1 1 3072 512 1 layer5 1-1
layer30 512 1 3072 1 1 1 768 512 1 layer6 1-1
layer31 512 1 768 1 1 1 2304 512 1 layer1 1-1
layer32 512 1 768 1 1 1 512 512 1 layer2 1-1
layer33 512 1 512 1 1 1 768 512 1 layer3 1-1
layer34 512 1 768 1 1 1 768 512 1 layer4 1-1
layer35 512 1 768 1 1 1 3072 512 1 layer5 1-1
layer36 512 1 3072 1 1 1 768 512 1 layer6 1-1
layer37 512 1 768 1 1 1 2304 512 1 layer1 1-1
layer38 512 1 768 1 1 1 512 512 1 layer2 1-1
layer39 512 1 512 1 1 1 768 512 1 layer3 1-1
layer40 512 1 768 1 1 1 768 512 1 layer4 1-1
layer41 512 1 768 1 1 1 3072 512 1 layer5 1-1
layer42 512 1 3072 1 1 1 768 512 1 layer6 1-1
layer43 512 1 768 1 1 1 2304 512 1 layer1 1-1
layer44 512 1 768 1 1 1 512 512 1 layer2 1-1
layer45 512 1 512 1 1 1 768 512 1 layer3 1-1
layer46 512 1 768 1 1 1 768 512 1 layer4 1-1
layer47 512 1 768 1 1 1 3072 512 1 layer5 1-1
layer48 512 1 3072 1 1 1 768 512 1 layer6 1-1
layer49 512 1 768 1 1 1 2304 512 1 layer1 1-1
layer50 512 1 768 1 1 1 512 512 1 layer2 1-1
layer51 512 1 512 1 1 1 768 512 1 layer3 1-1
layer52 512 1 768 1 1 1 768 512 1 layer4 1-1
layer53 512 1 768 1 1 1 3072 512 1 layer5 1-1
layer54 512 1 3072 1 1 1 768 512 1 layer6 1-1
layer55 512 1 768 1 1 1 2304 512 1 layer1 1-1
layer56 512 1 768 1 1 1 512 512 1 layer2 1-1
layer57 512 1 512 1 1 1 768 512 1 layer3 1-1
layer58 512 1 768 1 1 1 768 512 1 layer4 1-1
layer59 512 1 768 1 1 1 3072 512 1 layer5 1-1
layer60 512 1 3072 1 1 1 768 512 1 layer6 1-1
layer61 512 1 768 1 1 1 2304 512 1 layer1 1-1
layer62 512 1 768 1 1 1 512 512 1 layer2 1-1
layer63 512 1 512 1 1 1 768 512 1 layer3 1-1
layer64 512 1 768 1 1 1 768 512 1 layer4 1-1
layer65 512 1 768 1 1 1 3072 512 1 layer5 1-1
layer66 512 1 3072 1 1 1 768 512 1 layer6 1-1
layer67 512 1 768 1 1 1 2304 512 1 layer1 1-1
layer68 512 1 768 1 1 1 512 512 1 layer2 1-1
layer69 512 1 512 1 1 1 768 512 1 layer3 1-1
layer70 512 1 768 1 1 1 768 512 1 layer4 1-1
layer71 512 1 768 1 1 1 3072 512 1 layer5 1-1
layer72 512 1 3072 1 1 1 768 512 1 layer6 1-1