224 224 3 7 2 3 64 112 112
56 56 64 1 1 0 64 56 56
56 56 64 3 1 1 64 56 56
56 56 64 1 1 0 256 56 56
56 56 256 1 1 0 64 56 56
56 56 64 3 1 1 64 56 56
56 56 64 1 1 0 256 56 56
56 56 256 1 1 0 64 56 56
56 56 64 3 1 1 64 56 56
56 56 64 1 1 0 256 56 56
56 56 256 1 1 0 128 56 56
56 56 128 3 2 1 128 28 28
28 28 128 1 1 0 512 28 28
28 28 512 1 1 0 128 28 28
28 28 128 3 1 1 128 28 28
28 28 128 1 1 0 512 28 28
28 28 512 1 1 0 128 28 28
28 28 128 3 1 1 128 28 28
28 28 128 1 1 0 512 28 28
28 28 512 1 1 0 128 28 28
28 28 128 3 1 1 128 28 28
28 28 128 1 1 0 512 28 28
28 28 512 1 1 0 256 28 28
28 28 256 3 2 1 256 14 14
14 14 256 1 1 0 1024 14 14
14 14 1024 1 1 0 256 14 14
14 14 256 3 1 1 256 14 14
14 14 256 1 1 0 1024 14 14
14 14 1024 1 1 0 256 14 14
14 14 256 3 1 1 256 14 14
14 14 256 1 1 0 1024 14 14
14 14 1024 1 1 0 256 14 14
14 14 256 3 1 1 256 14 14
14 14 256 1 1 0 1024 14 14
14 14 1024 1 1 0 256 14 14
14 14 256 3 1 1 256 14 14
14 14 256 1 1 0 1024 14 14
14 14 1024 1 1 0 256 14 14
14 14 256 3 1 1 256 14 14
14 14 256 1 1 0 1024 14 14
14 14 1024 1 1 0 512 14 14
14 14 512 3 2 1 512 7 7
7 7 512 1 1 0 2048 7 7
7 7 2048 1 1 0 512 7 7
7 7 512 3 1 1 512 7 7
7 7 512 1 1 0 2048 7 7
7 7 2048 1 1 0 512 7 7
7 7 512 3 1 1 512 7 7
7 7 512 1 1 0 2048 7 7
1 1 2048 1 1 0 1000 1 1